0
1
2
3
4
5
6
7
8
9
10
11
12
180
292
421
473
516
572
601
637
674
710
721
756
757
833
842
851
864
869
1046
1048
1087
1092
1158
1159
1229
1235
1367
1426
1486
1502
1551
1554
1572
1625
1640
1641
1659
1682
1809
1833
1906
1944
1970
1986
2000
2004
2093
2131
2183
2198
2650
2653
2717
2781
2818
2823
2837
3019
3030
3087
3107
3277
3278
3432
3437
3457
3539
3764
3808
3827
3918
4054
4058
4080
4171
4410
4455
4622
4723
4753
4978
5135
5303
5516
5520
5712
5730
5756
5874
5926
6045
6076
6135
6146
6196
6313
6442
6509
6524
6540
6556
6572
6624
6628
6647
6816
6856
7074
7105
7133
7470
7495
7629
7663
7666
7876
7988
8081
8092
8132
8156
8303
8309
8320
8466
8530
8581
8620
8634
8641
8681
8708
8749
8752
8782
8872
8957
8970
8989
9005
9018
9048
9089
9129
9400
9445
9825
9864
9869
9933
10037
10089
10123
10144
10301
10316
10381
10474
10495
10507
10535
10555
10565
10649
10738
10802
10853
10868
10869
11032
11036
11100
11106
11124
11144
11149
11218
11334
11547
11555
11640
11700
11737
11813
11911
11914
11915
12251
12295
12369
12464
12523
12525
12581
12585
12648
12655
12705
12718
12895
12942
13083
13182
13193
13196
13317
13333
13406
13583
13665
13758
13764
14019
14060
14075
14167
14349
14353
14362
14373
14490
14535
14543
14554
14573
14615
14716
14729
14815
14854
14881
14887
14897
14904
14959
14984
15026
15063
15157
15194
15217
15219
15241
15439
15463
15475
15486
15681
15703
15792
15797
15814
15832
15853
15939
16035
16036
16056
16291
16359
16440
16448
16452
16467
16585
16697
16706
16715
16719
16851
16859
16874
16920
16926
16940
16954
16962
17066
17261
17336
17447
17531
17535
17538
17638
17652
17674
17675
17690
17757
17787
17869
17958
18012
18046
18064
18118
18190
18254
18261
18306
18428
18429
18432
18439
18441
18442
18443
18469
18500
18564
18636
18644
18767
18806
18954
19075
19182
19345
19363
19528
19540
19609
19638
19646
19677
19688
19750
19935
20014
20045
20187
20214
20224
20278
20363
20364
20399
20404
20583
20682
20693
20694
20733
20768
20817
20926
21160
21168
21169
21170
21171
21172
21325
21336
21408
21498
21510
21522
21568
21591
21601
21717
21817
21819
